       20.4840114687       -0.4945812625       19.9894302062
      138.8619549182       -0.4595275758      138.4024273424
      151.8210341833       -0.4182378343      151.4027963490
      153.7075380552       -0.3799945843      153.3275434709
      158.0250317408       -0.3494782454      157.6755534954
      318.4477716439       -0.3195059691      318.1282656748
      318.7680818053       -0.2950449460      318.4730368593
      321.9271060301       -0.2771535368      321.6499524933
      322.2619580667       -0.2623846522      321.9995734145
      325.1370836855       -0.2494505194      324.8876331661
      336.3683221040       -0.2372948490      336.1310272550
      336.7863518558       -0.2259403688      336.5604114870
      336.7741768032       -0.2167195009      336.5574573023
      336.9142857052       -0.2086118478      336.7056738574
      337.1685689615       -0.2011077996      336.9674611619
      340.5629205714       -0.1935524711      340.3693681002
      340.5540447555       -0.1868373768      340.3672073787
      361.3632611453       -0.1804429348      361.1828182106
      361.3696232486       -0.1750573231      361.1945659255
      361.4015827378       -0.1703734621      361.2312092756
      361.5431162657       -0.1659529958      361.3771632699
      361.6237206741       -0.1615860799      361.4621345942
      361.8877389345       -0.1573597463      361.7303791882
      361.8842287946       -0.1532316549      361.7309971397
      361.8807934738       -0.1495420858      361.7312513881
      361.8787447119       -0.1462017212      361.7325429908
      361.8790797704       -0.1431944348      361.7358853356
      361.8786016109       -0.1403100706      361.7382915403
      361.8840467706       -0.1376440536      361.7464027169
      363.4632859375       -0.1348681977      363.3284177398
      363.5030941327       -0.1320871221      363.3710070106
      363.4937706175       -0.1296037122      363.3641669053
      363.4901207852       -0.1272839705      363.3628368147
      363.5918334890       -0.1249488275      363.4668846615
      363.6357542581       -0.1226033474      363.5131509107
      363.6472343135       -0.1202172422      363.5270170713
      363.6477143319       -0.1179679890      363.5297463428
      365.3471676468       -0.1156385642      365.2315290825
      365.3532067150       -0.1130611363      365.2401455787
      365.3582935384       -0.1107897157      365.2475038227
      365.3604205059       -0.1087483781      365.2516721278
      365.3574831083       -0.1067790231      365.2507040853
      365.3547457681       -0.1049294808      365.2498162873
      365.3520885200       -0.1031790529      365.2489094671
      365.3496923863       -0.1015100599      365.2481823263
      365.3466403161       -0.0998809406      365.2467593755
      365.3455488570       -0.0982699730      365.2472788840
      365.3436184655       -0.0967304249      365.2468880406
      365.3414172040       -0.0953023983      365.2461148057
      365.3387241950       -0.0939422066      365.2447819884
      365.3394194537       -0.0926419361      365.2467775176
      365.6127857560       -0.0912402467      365.5215455093
      365.6117003666       -0.0898856359      365.5218147307
      365.6120969161       -0.0884533491      365.5236435670
      365.6134075039       -0.0870979555      365.5263095483
      365.6116230842       -0.0858783757      365.5257447085
      365.6100218362       -0.0846479960      365.5253738402
      365.6086647779       -0.0834649767      365.5251998011
      365.6070443128       -0.0823451855      365.5246991272
      365.6067774674       -0.0812484921      365.5255289752
      365.6052323327       -0.0801800626      365.5250522701
      365.6036295051       -0.0791609307      365.5244685744
      365.6021564451       -0.0781682539      365.5239881912
      365.6007056658       -0.0771841430      365.5235215228
      365.5992542800       -0.0762288387      365.5230254412
      365.5979294776       -0.0753326462      365.5225968314
      365.5966938839       -0.0745009440      365.5221929400
      365.6008077312       -0.0736268504      365.5271808808
      365.5995684611       -0.0727782025      365.5267902586
      365.5982866865       -0.0719367043      365.5263499822
      365.5969454670       -0.0711040034      365.5258414636
      365.5957659528       -0.0703007530      365.5254651998
      365.5946397218       -0.0695013815      365.5251383403
      365.5934824952       -0.0687285145      365.5247539807
      365.5923783993       -0.0679856297      365.5243927696
      365.5913006727       -0.0672602152      365.5240404575
      365.5902331691       -0.0665602009      365.5236729682
      365.5899606102       -0.0658639727      365.5240966375
      365.5890968345       -0.0651980731      365.5238987613
      365.5881202012       -0.0645644117      365.5235557896
      365.5871317719       -0.0639485728      365.5231831991
      365.5871062367       -0.0634268473      365.5236793894
      380.1085585961       -0.0626080370      380.0459505591
      380.0960285467       -0.0617747035      380.0342538432
      380.0951450333       -0.0611332349      380.0340117984
      380.0943438986       -0.0605766744      380.0337672242
      380.0934792580       -0.0600070526      380.0334722054
      380.1564166574       -0.0594171130      380.0969995443
      380.1559037760       -0.0588835766      380.0970201994
      380.1551181126       -0.0583539358      380.0967641768
      380.1545926149       -0.0578209395      380.0967716755
      380.1537362429       -0.0572823882      380.0964538548
      380.1529470498       -0.0567486402      380.0961984096
      380.1521861761       -0.0562346611      380.0959515150
      380.1513396641       -0.0557278552      380.0956118088
      380.1506114384       -0.0552378161      380.0953736223
      380.1498950491       -0.0547591957      380.0951358534
      380.1491959205       -0.0542934602      380.0949024604
      380.1485225539       -0.0538421438      380.0946804101
      380.1478664821       -0.0534024618      380.0944640203
      380.1472200649       -0.0529703923      380.0942496726
      380.1465779304       -0.0525426059      380.0940353246
      380.1459384183       -0.0521181143      380.0938203041
      380.1453085501       -0.0517003989      380.0936081512
      380.1446974508       -0.0512928088      380.0934046420
      380.1441020664       -0.0508950336      380.0932070328
      380.1435201458       -0.0505068384      380.0930133074
      380.1429560221       -0.0501315667      380.0928244553
      380.1423926900       -0.0497793358      380.0926133542
      380.1421770451       -0.0493849353      380.0927921098
      380.1414642747       -0.0490061077      380.0924581670
      380.1409232826       -0.0486423125      380.0922809702
      380.1403958185       -0.0482891358      380.0921066827
      380.1398813731       -0.0479449839      380.0919363892
      380.1393777139       -0.0476082693      380.0917694447
      380.1388830048       -0.0472785688      380.0916044360
      380.1384036293       -0.0469596711      380.0914439582
      380.1379507476       -0.0466549597      380.0912957878
      380.1374845566       -0.0463582434      380.0911263131
      380.1371492000       -0.0460881717      380.0910610283
      380.1486133676       -0.0456830416      380.1029303260
      380.1527471141       -0.0453433639      380.1074037502
      380.1522953197       -0.0450312404      380.1072640793
      380.1518504573       -0.0447333713      380.1071170860
      380.1514889874       -0.0444365649      380.1070524225
      380.1510252402       -0.0441412422      380.1068839980
      380.1506033584       -0.0438565972      380.1067467612
      380.1501910466       -0.0435803823      380.1066106643
      380.1497890466       -0.0433096734      380.1064793733
      380.1493854377       -0.0430305338      380.1063549039
      380.1489578234       -0.0427505815      380.1062072419
      380.1485448659       -0.0424756645      380.1060692014
      380.1481402096       -0.0422062876      380.1059339220
      380.1477476445       -0.0419446308      380.1058030137
      380.1473818222       -0.0417033872      380.1056784350
      380.1790339054       -0.0414113359      380.1376225695
      380.1793701534       -0.0411495756      380.1382205778
      380.1789943904       -0.0408944636      380.1380999268
      380.1786257913       -0.0406466334      380.1379791579
      380.1782663917       -0.0404063686      380.1378600230
      380.1779231456       -0.0401751907      380.1377479549
      380.1776398441       -0.0399355613      380.1377042828
      380.1772766480       -0.0396961988      380.1375804492
      380.1769256928       -0.0394614142      380.1374642787
      380.1765780514       -0.0392301795      380.1373478719
      380.1762405613       -0.0390039678      380.1372365936
      380.1759058656       -0.0387806970      380.1371251686
      380.1755739753       -0.0385592527      380.1370147226
      380.1752417624       -0.0383378404      380.1369039220
      380.1749046282       -0.0381156700      380.1367889581
      380.1745762099       -0.0379001822      380.1366760277
      380.1741758118       -0.0376818914      380.1364939204
      380.1738655070       -0.0374669971      380.1363985099
      380.1735394983       -0.0372533218      380.1362861765
      380.1732254582       -0.0370440273      380.1361814309
      380.1729197915       -0.0368398317      380.1360799598
      380.1726219946       -0.0366404890      380.1359815056
      380.1723298269       -0.0364451267      380.1358847003
      380.1720420394       -0.0362529448      380.1357890946
      380.1717573352       -0.0360631088      380.1356942264
      380.1714744022       -0.0358749452      380.1355994571
      380.1711935643       -0.0356886675      380.1355048968
      380.1709169975       -0.0355056632      380.1354113343
      380.1706490724       -0.0353290052      380.1353200673
      380.1704305016       -0.0351963388      380.1352341628
      380.3233806097       -0.0349453093      380.2884353004
      380.3215494152       -0.0347545500      380.2867948652
      380.3258469582       -0.0345731077      380.2912738505
      381.1083751935       -0.0343050574      381.0740701361
      381.1087549215       -0.0340757820      381.0746791395
      381.1081008683       -0.0338238256      381.0742770427
      381.1080169671       -0.0335886631      381.0744283041
      381.1077144864       -0.0333734236      381.0743410628
      381.1074187631       -0.0331722863      381.0742464768
      381.1071381603       -0.0329820921      381.0741560682
      381.1068692735       -0.0328004300      381.0740688436
      381.1066094585       -0.0326254341      381.0739840244
      381.1063571786       -0.0324559314      381.0739012472
      381.1061117717       -0.0322912591      381.0738205126
      381.1058728576       -0.0321310694      381.0737417883
      381.1056403353       -0.0319751750      381.0736651603
      381.1054132870       -0.0318225556      381.0735907315
      381.1051861303       -0.0316705570      381.0735155733
      381.1049573930       -0.0315191135      381.0734382795
      381.1047336952       -0.0313699405      381.0733637547
      381.1045144129       -0.0312232488      381.0732911642
      381.1042984356       -0.0310791521      381.0732192835
      381.1040880265       -0.0309384533      381.0731495732
      381.1038833574       -0.0308011204      381.0730822370
      381.1036813377       -0.0306657267      381.0730156110
      381.1034801895       -0.0305320846      381.0729481049
      381.1032848688       -0.0304019668      381.0728829020
      381.1030953251       -0.0302731358      381.0728221893
      381.1028374360       -0.0301305248      381.0727069111
      381.1026219628       -0.0299904811      381.0726314817
      381.1024139176       -0.0298531663      381.0725607513
      381.1022122499       -0.0297188787      381.0724933712
      381.1020158359       -0.0295876262      381.0724282098
      381.1018236139       -0.0294590944      381.0723645195
      381.1016349451       -0.0293329666      381.0723019785
      381.1014494726       -0.0292090058      381.0722404668
      381.1012668854       -0.0290869704      381.0721799149
      381.1010867303       -0.0289667021      381.0721200282
      381.1009093682       -0.0288482432      381.0720611251
      381.1007347418       -0.0287316027      381.0720031390
      381.1005629180       -0.0286168455      381.0719460725
      381.1003942736       -0.0285042170      381.0718900565
      381.1002297918       -0.0283943712      381.0718354206
      381.1000720618       -0.0282890689      381.0717829929
      381.0999279554       -0.0281925640      381.0717353914
      381.0998087245       -0.0280859117      381.0717228128
      381.0995824296       -0.0279573476      381.0716250820
      381.0994096625       -0.0278406300      381.0715690325
      381.0992429526       -0.0277284815      381.0715144711
      381.0990812454       -0.0276198784      381.0714613671
      381.0989235455       -0.0275141305      381.0714094150
      381.0987690386       -0.0274106257      381.0713584129
      381.0986167303       -0.0273089080      381.0713078223
      381.0984677896       -0.0272099316      381.0712578579
      381.0983300045       -0.0271185916      381.0712114129
      381.0982294611       -0.0270497792      381.0711796819
      416.3449768740       -0.0268756779      416.3181011961
      416.3473923762       -0.0266474534      416.3207449228
      416.3470277753       -0.0265194508      416.3205083245
      416.3468759486       -0.0264096738      416.3204662748
      416.3467233236       -0.0263058232      416.3204175004
      416.3465738420       -0.0262051019      416.3203687401
      416.3464266016       -0.0261065157      416.3203200860
      416.3462818356       -0.0260097016      416.3202721341
      416.3461393657       -0.0259145587      416.3202248069
      416.3459997946       -0.0258213503      416.3201784443
      416.3458641491       -0.0257307708      416.3201333783
      416.3457357038       -0.0256453238      416.3200903800
      416.3456462033       -0.0255938696      416.3200523338
      416.4048549253       -0.0254579014      416.3793970240
      416.4050365409       -0.0253769200      416.3796596209
      416.4079693753       -0.0252775429      416.3826918324
      416.4164641321       -0.0251639638      416.3913001683
      416.4163370193       -0.0250693815      416.3912676377
      416.4161877911       -0.0249749634      416.3912128277
      416.4160103480       -0.0248786420      416.3911317060
      416.4158326430       -0.0247818676      416.3910507754
      416.4157035377       -0.0246959463      416.3910075914
      416.4155534960       -0.0246061210      416.3909473750
      416.4153555605       -0.0244915748      416.3908639857
      416.4152069589       -0.0243931651      416.3908137939
      416.4150680228       -0.0242999644      416.3907680585
      416.4149368122       -0.0242115933      416.3907252189
      416.4148122021       -0.0241177663      416.3906944358
      416.4146762698       -0.0240255568      416.3906507130
