 step number           1
  0.00000053 -0.00000210 -0.00000157
  0.00000053 -0.00000105 -0.00000052
  0.00000000 -0.00000105 -0.00000105
 step number           2
  0.00000053 -0.00000210 -0.00000157
  0.00000053 -0.00000105 -0.00000052
  0.00000000 -0.00000105 -0.00000105
 step number           3
  0.00000053 -0.00000210 -0.00000157
  0.00000053 -0.00000105 -0.00000052
  0.00000000 -0.00000105 -0.00000105
 step number           4
  0.00000053 -0.00000210 -0.00000157
  0.00000053 -0.00000105 -0.00000052
  0.00000000 -0.00000105 -0.00000105
 step number           5
  0.00000053 -0.00000210 -0.00000157
  0.00000053 -0.00000105 -0.00000052
  0.00000000 -0.00000105 -0.00000105
 step number           6
  0.00000053 -0.00000210 -0.00000157
  0.00000053 -0.00000105 -0.00000052
  0.00000000 -0.00000105 -0.00000105
 step number           7
  0.00000053 -0.00000210 -0.00000157
  0.00000053 -0.00000105 -0.00000052
  0.00000000 -0.00000105 -0.00000105
 step number           8
  0.00000053 -0.00000210 -0.00000157
  0.00000053 -0.00000105 -0.00000052
  0.00000000 -0.00000105 -0.00000105
 step number           9
  0.00000053 -0.00000210 -0.00000157
  0.00000053 -0.00000105 -0.00000052
  0.00000000 -0.00000105 -0.00000105
 step number          10
  0.00000053 -0.00000210 -0.00000157
  0.00000053 -0.00000105 -0.00000052
  0.00000000 -0.00000105 -0.00000105
 step number          11
  0.00000053 -0.00000210 -0.00000157
  0.00000053 -0.00000105 -0.00000052
  0.00000000 -0.00000105 -0.00000105
 step number          12
  0.00000053 -0.00000210 -0.00000157
  0.00000053 -0.00000105 -0.00000052
  0.00000000 -0.00000105 -0.00000105
 step number          13
  0.00000053 -0.00000210 -0.00000157
  0.00000053 -0.00000105 -0.00000052
  0.00000000 -0.00000105 -0.00000105
 step number          14
  0.00000053 -0.00000210 -0.00000157
  0.00000053 -0.00000105 -0.00000052
  0.00000000 -0.00000105 -0.00000105
 step number          15
  0.00000053 -0.00000210 -0.00000157
  0.00000053 -0.00000105 -0.00000052
  0.00000000 -0.00000105 -0.00000105
 step number          16
  0.00000053 -0.00000210 -0.00000157
  0.00000053 -0.00000105 -0.00000052
  0.00000000 -0.00000105 -0.00000105
 step number          17
  0.00000054 -0.00000210 -0.00000157
  0.00000054 -0.00000105 -0.00000052
  0.00000000 -0.00000105 -0.00000105
 step number          18
  0.00000054 -0.00000211 -0.00000157
  0.00000054 -0.00000105 -0.00000052
  0.00000000 -0.00000105 -0.00000105
 step number          19
  0.00000054 -0.00000211 -0.00000157
  0.00000054 -0.00000105 -0.00000052
  0.00000000 -0.00000105 -0.00000105
 step number          20
  0.00000054 -0.00000211 -0.00000157
  0.00000054 -0.00000105 -0.00000052
  0.00000000 -0.00000105 -0.00000105
 step number          21
  0.00000054 -0.00000211 -0.00000157
  0.00000054 -0.00000105 -0.00000052
  0.00000000 -0.00000105 -0.00000105
 step number          22
  0.00000054 -0.00000211 -0.00000157
  0.00000054 -0.00000105 -0.00000052
  0.00000000 -0.00000105 -0.00000105
 step number          23
  0.00000054 -0.00000211 -0.00000157
  0.00000054 -0.00000105 -0.00000052
  0.00000000 -0.00000105 -0.00000105
 step number          24
  0.00000054 -0.00000211 -0.00000157
  0.00000054 -0.00000105 -0.00000052
  0.00000000 -0.00000105 -0.00000105
 step number          25
  0.00000054 -0.00000211 -0.00000157
  0.00000054 -0.00000105 -0.00000052
  0.00000000 -0.00000105 -0.00000105
 step number          26
  0.00000054 -0.00000211 -0.00000157
  0.00000054 -0.00000106 -0.00000052
  0.00000000 -0.00000106 -0.00000106
 step number          27
  0.00000054 -0.00000211 -0.00000157
  0.00000054 -0.00000106 -0.00000052
  0.00000000 -0.00000106 -0.00000106
 step number          28
  0.00000054 -0.00000211 -0.00000157
  0.00000054 -0.00000106 -0.00000052
  0.00000000 -0.00000106 -0.00000106
 step number          29
  0.00000054 -0.00000211 -0.00000157
  0.00000054 -0.00000106 -0.00000052
  0.00000000 -0.00000106 -0.00000106
 step number          30
  0.00000054 -0.00000211 -0.00000157
  0.00000054 -0.00000106 -0.00000052
  0.00000000 -0.00000106 -0.00000106
 step number          31
  0.00000054 -0.00000211 -0.00000157
  0.00000054 -0.00000106 -0.00000052
  0.00000000 -0.00000106 -0.00000106
 step number          32
  0.00000054 -0.00000211 -0.00000157
  0.00000054 -0.00000106 -0.00000052
  0.00000000 -0.00000106 -0.00000106
 step number          33
  0.00000054 -0.00000212 -0.00000157
  0.00000054 -0.00000106 -0.00000052
  0.00000000 -0.00000106 -0.00000106
 step number          34
  0.00000054 -0.00000212 -0.00000157
  0.00000054 -0.00000106 -0.00000052
  0.00000000 -0.00000106 -0.00000106
 step number          35
  0.00000054 -0.00000212 -0.00000157
  0.00000054 -0.00000106 -0.00000052
  0.00000000 -0.00000106 -0.00000106
 step number          36
  0.00000054 -0.00000212 -0.00000157
  0.00000054 -0.00000106 -0.00000052
  0.00000000 -0.00000106 -0.00000106
 step number          37
  0.00000054 -0.00000212 -0.00000157
  0.00000054 -0.00000106 -0.00000052
  0.00000000 -0.00000106 -0.00000106
 step number          38
  0.00000055 -0.00000212 -0.00000158
  0.00000055 -0.00000106 -0.00000052
  0.00000000 -0.00000106 -0.00000106
 step number          39
  0.00000055 -0.00000212 -0.00000158
  0.00000055 -0.00000106 -0.00000051
  0.00000000 -0.00000106 -0.00000106
 step number          40
  0.00000055 -0.00000212 -0.00000158
  0.00000055 -0.00000106 -0.00000051
  0.00000000 -0.00000106 -0.00000106
 step number          41
  0.00000055 -0.00000212 -0.00000158
  0.00000055 -0.00000106 -0.00000051
  0.00000000 -0.00000106 -0.00000106
 step number          42
  0.00000055 -0.00000212 -0.00000158
  0.00000055 -0.00000106 -0.00000051
  0.00000000 -0.00000106 -0.00000106
 step number          43
  0.00000055 -0.00000213 -0.00000158
  0.00000055 -0.00000106 -0.00000051
  0.00000000 -0.00000106 -0.00000106
 step number          44
  0.00000055 -0.00000213 -0.00000158
  0.00000055 -0.00000106 -0.00000051
  0.00000000 -0.00000106 -0.00000106
 step number          45
  0.00000055 -0.00000213 -0.00000158
  0.00000055 -0.00000106 -0.00000051
  0.00000000 -0.00000106 -0.00000106
 step number          46
  0.00000055 -0.00000213 -0.00000158
  0.00000055 -0.00000106 -0.00000051
  0.00000000 -0.00000106 -0.00000106
 step number          47
  0.00000055 -0.00000213 -0.00000158
  0.00000055 -0.00000107 -0.00000051
  0.00000000 -0.00000107 -0.00000107
 step number          48
  0.00000055 -0.00000213 -0.00000158
  0.00000055 -0.00000107 -0.00000051
  0.00000000 -0.00000107 -0.00000107
 step number          49
  0.00000055 -0.00000213 -0.00000158
  0.00000055 -0.00000107 -0.00000051
  0.00000000 -0.00000107 -0.00000107
 step number          50
  0.00000055 -0.00000213 -0.00000158
  0.00000055 -0.00000107 -0.00000051
  0.00000000 -0.00000107 -0.00000107
 step number          51
  0.00000056 -0.00000214 -0.00000158
  0.00000056 -0.00000107 -0.00000051
  0.00000000 -0.00000107 -0.00000107
 step number          52
  0.00000056 -0.00000214 -0.00000158
  0.00000056 -0.00000107 -0.00000051
  0.00000000 -0.00000107 -0.00000107
 step number          53
  0.00000056 -0.00000214 -0.00000158
  0.00000056 -0.00000107 -0.00000051
  0.00000000 -0.00000107 -0.00000107
 step number          54
  0.00000056 -0.00000214 -0.00000158
  0.00000056 -0.00000107 -0.00000051
  0.00000000 -0.00000107 -0.00000107
 step number          55
  0.00000056 -0.00000214 -0.00000158
  0.00000056 -0.00000107 -0.00000051
  0.00000000 -0.00000107 -0.00000107
 step number          56
  0.00000056 -0.00000214 -0.00000158
  0.00000056 -0.00000107 -0.00000051
  0.00000000 -0.00000107 -0.00000107
 step number          57
  0.00000056 -0.00000214 -0.00000158
  0.00000056 -0.00000107 -0.00000051
  0.00000000 -0.00000107 -0.00000107
 step number          58
  0.00000056 -0.00000215 -0.00000158
  0.00000056 -0.00000107 -0.00000051
  0.00000000 -0.00000107 -0.00000107
 step number          59
  0.00000056 -0.00000215 -0.00000158
  0.00000056 -0.00000107 -0.00000051
  0.00000000 -0.00000107 -0.00000107
 step number          60
  0.00000056 -0.00000215 -0.00000158
  0.00000056 -0.00000107 -0.00000051
  0.00000000 -0.00000107 -0.00000107
 step number          61
  0.00000057 -0.00000215 -0.00000159
  0.00000057 -0.00000108 -0.00000051
  0.00000000 -0.00000108 -0.00000108
 step number          62
  0.00000057 -0.00000215 -0.00000159
  0.00000057 -0.00000108 -0.00000051
  0.00000000 -0.00000108 -0.00000108
 step number          63
  0.00000057 -0.00000215 -0.00000159
  0.00000057 -0.00000108 -0.00000051
  0.00000000 -0.00000108 -0.00000108
 step number          64
  0.00000057 -0.00000216 -0.00000159
  0.00000057 -0.00000108 -0.00000051
  0.00000000 -0.00000108 -0.00000108
 step number          65
  0.00000057 -0.00000216 -0.00000159
  0.00000057 -0.00000108 -0.00000051
  0.00000000 -0.00000108 -0.00000108
 step number          66
  0.00000057 -0.00000216 -0.00000159
  0.00000057 -0.00000108 -0.00000051
  0.00000000 -0.00000108 -0.00000108
 step number          67
  0.00000057 -0.00000216 -0.00000159
  0.00000057 -0.00000108 -0.00000051
  0.00000000 -0.00000108 -0.00000108
 step number          68
  0.00000057 -0.00000216 -0.00000159
  0.00000057 -0.00000108 -0.00000051
  0.00000000 -0.00000108 -0.00000108
 step number          69
  0.00000057 -0.00000216 -0.00000159
  0.00000057 -0.00000108 -0.00000051
  0.00000000 -0.00000108 -0.00000108
 step number          70
  0.00000058 -0.00000217 -0.00000159
  0.00000058 -0.00000108 -0.00000051
  0.00000000 -0.00000108 -0.00000108
 step number          71
  0.00000058 -0.00000217 -0.00000159
  0.00000058 -0.00000108 -0.00000051
  0.00000000 -0.00000108 -0.00000108
 step number          72
  0.00000058 -0.00000217 -0.00000159
  0.00000058 -0.00000109 -0.00000051
  0.00000000 -0.00000109 -0.00000109
 step number          73
  0.00000058 -0.00000217 -0.00000159
  0.00000058 -0.00000109 -0.00000051
  0.00000000 -0.00000109 -0.00000109
 step number          74
  0.00000058 -0.00000217 -0.00000159
  0.00000058 -0.00000109 -0.00000051
  0.00000000 -0.00000109 -0.00000109
 step number          75
  0.00000058 -0.00000218 -0.00000159
  0.00000058 -0.00000109 -0.00000051
  0.00000000 -0.00000109 -0.00000109
 step number          76
  0.00000058 -0.00000218 -0.00000160
  0.00000058 -0.00000109 -0.00000051
  0.00000000 -0.00000109 -0.00000109
 step number          77
  0.00000059 -0.00000218 -0.00000160
  0.00000059 -0.00000109 -0.00000051
  0.00000000 -0.00000109 -0.00000109
 step number          78
  0.00000059 -0.00000218 -0.00000160
  0.00000059 -0.00000109 -0.00000050
  0.00000000 -0.00000109 -0.00000109
 step number          79
  0.00000059 -0.00000219 -0.00000160
  0.00000059 -0.00000109 -0.00000050
  0.00000000 -0.00000109 -0.00000109
 step number          80
  0.00000059 -0.00000219 -0.00000160
  0.00000059 -0.00000109 -0.00000050
  0.00000000 -0.00000109 -0.00000109
 step number          81
  0.00000059 -0.00000219 -0.00000160
  0.00000059 -0.00000109 -0.00000050
  0.00000000 -0.00000109 -0.00000109
 step number          82
  0.00000059 -0.00000219 -0.00000160
  0.00000059 -0.00000110 -0.00000050
  0.00000000 -0.00000110 -0.00000110
 step number          83
  0.00000059 -0.00000219 -0.00000160
  0.00000059 -0.00000110 -0.00000050
  0.00000000 -0.00000110 -0.00000110
 step number          84
  0.00000060 -0.00000220 -0.00000160
  0.00000060 -0.00000110 -0.00000050
  0.00000000 -0.00000110 -0.00000110
 step number          85
  0.00000060 -0.00000220 -0.00000160
  0.00000060 -0.00000110 -0.00000050
  0.00000000 -0.00000110 -0.00000110
 step number          86
  0.00000060 -0.00000220 -0.00000160
  0.00000060 -0.00000110 -0.00000050
  0.00000000 -0.00000110 -0.00000110
 step number          87
  0.00000060 -0.00000220 -0.00000160
  0.00000060 -0.00000110 -0.00000050
  0.00000000 -0.00000110 -0.00000110
 step number          88
  0.00000060 -0.00000221 -0.00000160
  0.00000060 -0.00000110 -0.00000050
  0.00000000 -0.00000110 -0.00000110
 step number          89
  0.00000060 -0.00000221 -0.00000161
  0.00000060 -0.00000110 -0.00000050
  0.00000000 -0.00000110 -0.00000110
 step number          90
  0.00000061 -0.00000221 -0.00000161
  0.00000061 -0.00000111 -0.00000050
  0.00000000 -0.00000111 -0.00000111
 step number          91
  0.00000061 -0.00000221 -0.00000161
  0.00000061 -0.00000111 -0.00000050
  0.00000000 -0.00000111 -0.00000111
 step number          92
  0.00000061 -0.00000222 -0.00000161
  0.00000061 -0.00000111 -0.00000050
  0.00000000 -0.00000111 -0.00000111
 step number          93
  0.00000061 -0.00000222 -0.00000161
  0.00000061 -0.00000111 -0.00000050
  0.00000000 -0.00000111 -0.00000111
 step number          94
  0.00000061 -0.00000222 -0.00000161
  0.00000061 -0.00000111 -0.00000050
  0.00000000 -0.00000111 -0.00000111
 step number          95
  0.00000061 -0.00000222 -0.00000161
  0.00000061 -0.00000111 -0.00000050
  0.00000000 -0.00000111 -0.00000111
 step number          96
  0.00000062 -0.00000223 -0.00000161
  0.00000062 -0.00000111 -0.00000050
  0.00000000 -0.00000111 -0.00000111
 step number          97
  0.00000062 -0.00000223 -0.00000161
  0.00000062 -0.00000111 -0.00000050
  0.00000000 -0.00000111 -0.00000111
 step number          98
  0.00000062 -0.00000223 -0.00000161
  0.00000062 -0.00000112 -0.00000050
  0.00000000 -0.00000112 -0.00000112
